1638313391281 -0.15109765529632568 0
1638317770283 -0.6364233493804932 4
1638331990719 -0.3883648216724396 9
1638335909668 0.339050829410553 14
1638339836018 -3.1169309616088867 19
1638343729994 -4.848773956298828 23
1638347640465 -16.662500381469727 28
1638351542271 -38.11676788330078 33
1638355438327 -3.916020631790161 38
1638359292253 7.581595420837402 42
1638363192499 5.165566444396973 47
1638367100556 35.69718551635742 52
1638371012576 72.57327270507812 57
1638374860903 114.1849136352539 61
1638378766253 105.6784439086914 66
1638382815161 205.2781524658203 71
1638386842874 207.87783813476562 76
1638395125227 213.73887634277344 80
