1638313391281 -0.15838614106178284 0
1638317770283 -0.7194810509681702 4
1638331990719 -1.3078830242156982 9
1638335909668 -2.082357406616211 14
1638339836018 -5.995072841644287 19
1638343729994 -15.292747497558594 23
1638347640465 -32.937347412109375 28
1638351542271 -55.33693313598633 33
1638355438327 -77.17079162597656 38
1638359292253 -88.01407623291016 42
1638363192499 -102.72697448730469 47
1638367100556 -138.41622924804688 52
1638371012576 -183.12867736816406 57
1638374860903 -250.14979553222656 61
1638378766253 -268.915283203125 66
1638382815161 -343.1469421386719 71
1638386842874 -401.8716735839844 76
1638395125227 -492.47503662109375 80
