1638313391281 -0.007288485765457153 0
1638317770283 -0.083057701587677 4
1638331990719 -0.919518232345581 9
1638335909668 -2.421408176422119 14
1638339836018 -2.8781418800354004 19
1638343729994 -10.443973541259766 23
1638347640465 -16.27484703063965 28
1638351542271 -17.220165252685547 33
1638355438327 -73.25476837158203 38
1638359292253 -95.59567260742188 42
1638363192499 -107.89253997802734 47
1638367100556 -174.11341857910156 52
1638371012576 -255.7019500732422 57
1638374860903 -364.334716796875 61
1638378766253 -374.5937194824219 66
1638382815161 -548.4251098632812 71
1638386842874 -609.74951171875 76
1638395125227 -706.2139282226562 80
