1638313391281 2.1358869075775146 0
1638317770283 2.801894187927246 4
1638331990719 1.8326940536499023 9
1638335909668 3.326474666595459 14
1638339836018 0.9207906126976013 19
1638343729994 2.3620970249176025 23
1638347640465 3.918365001678467 28
1638351542271 8.954743385314941 33
1638355438327 6.207370758056641 38
1638359292253 2.608612537384033 42
1638363192499 4.814990520477295 47
1638367100556 7.088059425354004 52
1638371012576 11.426498413085938 57
1638374860903 9.801109313964844 61
1638378766253 20.439653396606445 66
1638382815161 13.735072135925293 71
1638386842874 30.849035263061523 76
1638395125227 61.020904541015625 80
