1638313391281 0.17952314019203186 0
1638317770283 0.735404908657074 4
1638331990719 1.3713842630386353 9
1638335909668 1.9642839431762695 14
1638339836018 6.494756698608398 19
1638343729994 15.209953308105469 23
1638347640465 32.28352355957031 28
1638351542271 55.336631774902344 33
1638355438327 70.21730041503906 38
1638359292253 90.04285430908203 42
1638363192499 118.7546157836914 47
1638367100556 148.1847381591797 52
1638371012576 195.572509765625 57
1638374860903 246.52346801757812 61
1638378766253 263.1282958984375 66
1638382815161 334.6178894042969 71
1638386842874 394.45086669921875 76
1638395125227 472.52301025390625 80
