1638313391281 2.006279706954956 0
1638317770283 0.6355363726615906 4
1638331990719 0.7983903288841248 9
1638335909668 0.5820966362953186 14
1638339836018 1.024987816810608 19
1638343729994 2.2663543224334717 23
1638347640465 0.9279471635818481 28
1638351542271 1.8933347463607788 33
1638355438327 4.828254222869873 38
1638359292253 14.664745330810547 42
1638363192499 12.967595100402832 47
1638367100556 25.552654266357422 52
1638371012576 11.650504112243652 57
1638374860903 4.699871063232422 61
1638378766253 76.41329956054688 66
1638382815161 20.198596954345703 71
1638386842874 5.80512809753418 76
1638395125227 18.83546257019043 80
